Starting with 1000 nodes
NJ Time: 37.59932994842529
Got feature matrix
Triplets correct:  {'nj': 0.7360000000000005}
1	2	3	4	5	6	7	8	9	10	...	29067	29069	29071	29075	29083	29085	29087	29090	29095	29099
0	0.109736	0.061038	0.050902	0.044071	0.039884	0.035918	0.029748	0.029307	0.027765	0.02512	...	0.002286	0.002187	0.002087	0.001889	0.001789	0.00159	0.001491	0.001491	0.001392	0.001292
1 rows × 1537 columns

Starting with 1000 nodes
NJ Time: 41.5161988735199
Got feature matrix
Triplets correct:  {'nj': 0.6740000000000005}
1	2	3	4	5	6	7	8	9	10	...	29083	29084	29086	29087	29088	29090	29091	29092	29096	29098
0	0.109736	0.061038	0.050902	0.044071	0.039884	0.035918	0.029748	0.029307	0.027765	0.02512	...	0.001866	0.001797	0.001727	0.001658	0.001589	0.001589	0.001589	0.001589	0.00152	0.001451
1 rows × 1804 columns

Starting with 1000 nodes
NJ Time: 42.471235036849976
Got feature matrix
Triplets correct:  {'nj': 0.6640000000000005}
1	2	3	4	5	6	7	8	9	10	...	29078	29079	29080	29082	29084	29089	29093	29094	29099	29100
0	0.109736	0.061038	0.050902	0.044071	0.039884	0.035918	0.029748	0.029307	0.027765	0.02512	...	0.001935	0.001935	0.001935	0.001935	0.001797	0.001589	0.001589	0.001589	0.001451	0.001382
1 rows × 1745 columns

Starting with 1000 nodes
NJ Time: 42.2855749130249
Got feature matrix
Triplets correct:  {'nj': 0.8100000000000006}
1	2	3	4	5	6	7	8	9	10	...	29076	29080	29081	29086	29087	29094	29095	29097	29099	29100
0	0.109736	0.061038	0.050902	0.044071	0.039884	0.035918	0.029748	0.029307	0.027765	0.02512	...	0.002316	0.002114	0.002013	0.001812	0.001711	0.001611	0.00151	0.00151	0.001409	0.001409
1 rows × 1660 columns

Starting with 1000 nodes
NJ Time: 39.44768476486206
Got feature matrix
Triplets correct:  {'nj': 0.7020000000000005}
1	2	3	4	5	6	7	8	9	10	...	29071	29076	29084	29086	29091	29092	29093	29094	29098	29100
0	0.109736	0.061038	0.050902	0.044071	0.039884	0.035918	0.029748	0.029307	0.027765	0.02512	...	0.002416	0.002316	0.001913	0.001812	0.001611	0.001611	0.001611	0.001611	0.001409	0.001409
1 rows × 1758 columns

Starting with 1000 nodes
NJ Time: 51.452635049819946
Got feature matrix
Triplets correct:  {'nj': 0.7150000000000005}
1	2	3	4	5	6	7	8	9	10	...	29049	29054	29057	29058	29064	29065	29072	29076	29086	29088
0	0.109736	0.061038	0.050902	0.044071	0.039884	0.035918	0.029748	0.029307	0.027765	0.02512	...	0.002972	0.002656	0.002498	0.002466	0.002023	0.001992	0.001739	0.001549	0.001391	0.001328
1 rows × 1545 columns

Starting with 1000 nodes
NJ Time: 34.16470503807068
Got feature matrix
Triplets correct:  {'nj': 0.7250000000000005}
1	2	3	4	5	6	7	8	9	10	...	29078	29084	29086	29088	29094	29095	29096	29097	29098	29100
0	0.109736	0.061038	0.050902	0.044071	0.039884	0.035918	0.029748	0.029307	0.027765	0.02512	...	0.001486	0.001423	0.001391	0.001328	0.001138	0.001138	0.001107	0.001107	0.001107	0.001075
1 rows × 1538 columns

Starting with 1000 nodes
NJ Time: 36.83714818954468
Got feature matrix
Triplets correct:  {'nj': 0.6190000000000004}
1	2	3	4	5	6	7	8	9	10	...	28083	28085	28086	28088	28092	28093	28097	28099	28100	29064
0	0.109736	0.061038	0.050902	0.044071	0.039884	0.035918	0.029748	0.029307	0.027765	0.02512	...	0.001866	0.001797	0.001727	0.001589	0.001589	0.001589	0.001451	0.001451	0.001382	0.002023
1 rows × 1415 columns

Starting with 1000 nodes
NJ Time: 55.97070527076721
Got feature matrix
Triplets correct:  {'nj': 0.7070000000000005}
1	2	3	4	5	6	7	8	9	10	...	29020	29021	29022	29025	29026	29029	29030	29035	29045	29051
0	0.109736	0.061038	0.050902	0.044071	0.039884	0.035918	0.029748	0.029307	0.027765	0.02512	...	0.011667	0.011256	0.010813	0.008126	0.00743	0.006671	0.006513	0.005407	0.003446	0.002877
1 rows × 1455 columns

Starting with 1000 nodes
NJ Time: 47.98800992965698
Got feature matrix
Triplets correct:  {'nj': 0.7310000000000005}
1	2	3	4	5	6	7	8	9	10	...	28062	28064	28065	28068	28074	28082	28086	28088	28095	29005
0	0.109736	0.061038	0.050902	0.044071	0.039884	0.035918	0.029748	0.029307	0.027765	0.02512	...	0.002349	0.002276	0.002276	0.002202	0.001762	0.001615	0.001542	0.001468	0.001395	0.043062
1 rows × 1236 columns

Starting with 1000 nodes
NJ Time: 40.6288161277771
Got feature matrix
Triplets correct:  {'nj': 0.7270000000000005}
1	2	3	4	5	6	7	8	9	10	...	29057	29061	29063	29065	29067	29068	29069	29075	29082	29098
0	0.109736	0.061038	0.050902	0.044071	0.039884	0.035918	0.029748	0.029307	0.027765	0.02512	...	0.002498	0.002182	0.002118	0.001992	0.00196	0.001929	0.001865	0.001612	0.001423	0.001107
1 rows × 1284 columns

Starting with 1000 nodes
NJ Time: 40.71660280227661
Got feature matrix
Triplets correct:  {'nj': 0.6650000000000005}
1	2	3	4	5	6	7	8	9	10	...	29082	29085	29086	29087	29089	29090	29091	29094	29095	29096
0	0.081397	0.076491	0.06889	0.04975	0.049336	0.044637	0.036898	0.03676	0.035585	0.03372	...	0.002273	0.002164	0.001948	0.001948	0.00184	0.00184	0.00184	0.001731	0.001731	0.001731
1 rows × 1938 columns

Starting with 1000 nodes
NJ Time: 47.423619747161865
Got feature matrix
Triplets correct:  {'nj': 0.6380000000000005}
1	2	3	4	5	6	7	8	9	10	...	29079	29080	29082	29083	29084	29085	29086	29091	29095	29096
0	0.081397	0.076491	0.06889	0.04975	0.049336	0.044637	0.036898	0.03676	0.035585	0.03372	...	0.002381	0.002381	0.002273	0.002273	0.002164	0.002164	0.001948	0.00184	0.001731	0.001731
1 rows × 1997 columns

Starting with 1000 nodes
NJ Time: 45.54003620147705
Got feature matrix
Triplets correct:  {'nj': 0.7110000000000005}
1	2	3	4	5	6	7	8	9	10	...	29044	29045	29046	29055	29064	29068	29074	29084	29087	29095
0	0.081397	0.076491	0.06889	0.04975	0.049336	0.044637	0.036898	0.03676	0.035585	0.03372	...	0.00429	0.004232	0.003942	0.002841	0.002261	0.002087	0.001913	0.001565	0.001507	0.001217
1 rows × 1489 columns

Starting with 1000 nodes
NJ Time: 42.06379318237305
Got feature matrix
Triplets correct:  {'nj': 0.7180000000000005}
1	2	3	4	5	6	7	8	9	10	...	29028	29030	29034	29036	29043	29050	29057	29068	29076	29098
0	0.081397	0.076491	0.06889	0.04975	0.049336	0.044637	0.036898	0.03676	0.035585	0.03372	...	0.006667	0.005971	0.00545	0.005102	0.00429	0.003305	0.002725	0.002087	0.001855	0.001102
1 rows × 1712 columns

Starting with 1000 nodes
NJ Time: 41.26539492607117
Got feature matrix
Triplets correct:  {'nj': 0.6900000000000005}
1	2	3	4	5	6	7	8	9	10	...	29022	29023	29024	29027	29040	29048	29053	29073	29089	29090
0	0.081397	0.076491	0.06889	0.04975	0.049336	0.044637	0.036898	0.03676	0.035585	0.03372	...	0.010424	0.00969	0.00947	0.007268	0.003597	0.002936	0.002569	0.001835	0.001468	0.001468
1 rows × 1328 columns

Starting with 1000 nodes
NJ Time: 44.33157706260681
Got feature matrix
Triplets correct:  {'nj': 0.6870000000000005}
1	2	3	4	5	6	7	8	9	10	...	29050	29053	29062	29066	29067	29070	29073	29081	29089	29091
0	0.081397	0.076491	0.06889	0.04975	0.049336	0.044637	0.036898	0.03676	0.035585	0.03372	...	0.002863	0.002569	0.002349	0.002202	0.002202	0.001835	0.001835	0.001615	0.001468	0.001468
1 rows × 1274 columns

Starting with 1000 nodes
NJ Time: 46.16848421096802
Got feature matrix
Triplets correct:  {'nj': 0.7070000000000005}
1	1001	1002	1003	1004	1005	1006	1007	1008	1009	...	29051	29054	29057	29059	29061	29070	29076	29077	29087	29095
0	0.081107	0.054398	0.052416	0.04713	0.041331	0.036633	0.034871	0.031934	0.031053	0.028631	...	0.002877	0.002656	0.002498	0.002435	0.002182	0.001802	0.001549	0.001518	0.001391	0.001138
1 rows × 832 columns

Starting with 1000 nodes
NJ Time: 37.08309292793274
Got feature matrix
Triplets correct:  {'nj': 0.6440000000000005}
1	2	3	6	7	8	9	10	11	13	...	29017	29018	29023	29027	29035	29036	29038	29053	29067	29092
0	0.081107	0.049337	0.039655	0.030147	0.027364	0.026669	0.024871	0.024292	0.020639	0.014842	...	0.012046	0.012014	0.010117	0.006893	0.005407	0.005312	0.004932	0.002814	0.00196	0.001201
1 rows × 922 columns

Starting with 1000 nodes
NJ Time: 39.481971979141235
Got feature matrix
Triplets correct:  {'nj': 0.7040000000000005}